
327064,  85863,  60583,  48474,  41123,  36101,  32413,  29571,  27301,  25439, 
 23878,  22549,  21400,  20396,  19509,  18720,  18011,  17371,  16790,  16260, 
 15773,  15325,  14910,  14526,  14168,  13834,  13521,  13228,  12953,  12693, 
 12448,  12216,  11996,  11788,  11590,  11401,  11222,  11050,  10887,  10730, 
 10580,  10437,  10299,  10167,  10039,   9917,   9799,   9686,   9577,   9471, 
  9369,   9271,   9176,   9084,   8995,   8909,   8826,   8745,   8667,   8591, 
  8517,   8445,   8376,   8309,   8243,   8179,   8117,   8057,   7998,   7941, 
  7885,   7830,   7778,   7726,   7676,   7627,   7579,   7532,   7487,   7442, 
  7398,   7356,   7315,   7274,   7235,   7196,   7158,   7121,   7085,   7050, 
  7015,   6982,   6949,   6916,   6885,   6853,   6823,   6793,   6765,   6736, 
  6708,   6681,   6654,   6628,   6602,   6577,   6553,   6528,   6505,   6482, 
  6459,   6437,   6415,   6394,   6373,   6353,   6332,   6313,   6294,   6275, 
  6256,   6238,   6220,   6203,   6186,   6169,   6153,   6137,   6121,   6106, 
  6091,   6076,   6061,   6047,   6033,   6020,   6007,   5994,   5981,   5969, 
  5956,   5944,   5933,   5921,   5910,   5900,   5889,   5879,   5868,   5859, 
  5849,   5840,   5830,   5821,   5813,   5804,   5796,   5788,   5780,   5772, 
  5765,   5758,   5751,   5744,   5737,   5731,   5725,   5719,   5713,   5707, 
  5702,   5697,   5692,   5687,   5682,   5678,   5673,   5669,   5665,   5662, 
  5658,   5655,   5652,   5649,   5646,   5643,   5641,   5639,   5637,   5635, 
  5633,   5631,   5630,   5629,   5628,   5627,   5626,   5626,   5625,   5625, 

  5625,   5625,   5626,   5626,   5627,   5628,   5629,   5630,   5631,   5633, 
  5635,   5637,   5639,   5641,   5643,   5646,   5649,   5652,   5655,   5658, 
  5662,   5665,   5669,   5673,   5678,   5682,   5687,   5692,   5697,   5702, 
  5707,   5713,   5719,   5725,   5731,   5737,   5744,   5751,   5758,   5765, 
  5772,   5780,   5788,   5796,   5804,   5813,   5821,   5830,   5840,   5849, 
  5859,   5868,   5879,   5889,   5900,   5910,   5921,   5933,   5944,   5956, 
  5969,   5981,   5994,   6007,   6020,   6033,   6047,   6061,   6076,   6091, 
  6106,   6121,   6137,   6153,   6169,   6186,   6203,   6220,   6238,   6256, 
  6275,   6294,   6313,   6332,   6353,   6373,   6394,   6415,   6437,   6459, 
  6482,   6505,   6528,   6553,   6577,   6602,   6628,   6654,   6681,   6708, 
  6736,   6765,   6793,   6823,   6853,   6885,   6916,   6949,   6982,   7015, 
  7050,   7085,   7121,   7158,   7196,   7235,   7274,   7315,   7356,   7398, 
  7442,   7487,   7532,   7579,   7627,   7676,   7726,   7778,   7830,   7885, 
  7941,   7998,   8057,   8117,   8179,   8243,   8309,   8376,   8445,   8517, 
  8591,   8667,   8745,   8826,   8909,   8995,   9084,   9176,   9271,   9369, 
  9471,   9577,   9686,   9799,   9917,  10039,  10167,  10299,  10437,  10580, 
 10730,  10887,  11050,  11222,  11401,  11590,  11788,  11996,  12216,  12448, 
 12693,  12953,  13228,  13521,  13834,  14168,  14526,  14910,  15325,  15773, 
 16260,  16790,  17371,  18011,  18720,  19509,  20396,  21400,  22549,  23878, 
 25439,  27301,  29571,  32413,  36101,  41123,  48474,  60583,  85863, 327064